
a=1.4;
b=0.3;

%Initial condition
x0=[0,0];

%Number of Iterations
n=10000;

%Sequence of images
Seq=zeros(2,n);
Seq(:,1)=x0;
% 
% for i=2:n
%     v=Seq(:,i-1);
%     [h1,h2]=henon(v(1),v(2),a,b);
%     Seq(:,i)=[h1,h2];
% end
% 
% plot(Seq(1,:),Seq(2,:),'.','MarkerSize',4)
% hold on
% 
% 
% 
% v=Seq(:,n);
% [h1,h2]=henon(v(1),v(2),a,b);
% TmSeq=[Seq(:,2:n),[h1,h2]'];

XE=[0.905791937075620,2.22044604925031e-16,8.93143162353204e-32;2.45612217823257,0.485693289071097,4.54254689419287e-14;2.76589138372743,1.38642639904284,9.22872889219661e-16;0.773878546848265,0.856109261521476,1.49685819295087e-13;1.60361240998109,1.20078075007897,1.30451205393456e-15;0.886712820039936,1.64321412299185,2.22911966663020e-14;1.78461281320333,0.736506315056946,5.78329051315052e-13;1.88649220458651,1.65823838668100,1.26988697335406e-13;1.28272157602640,0.835376479229001,4.62449523119801e-13;1.58573051497977,1.48419958590950,6.38378239159465e-15;1.17125548216857,1.11069496645864,5.85989590184965e-13;1.28246797184267,1.37099581291120,5.68989300120393e-15;1.29963831887880,1.09681360880858,1.29234123402711e-12;1.21138292673467,1.48594200049035,1.47162837471626e-12;1.51982712749055,0.786316318680523,1.08260275744065e-12;1.70238094731838,1.58246850821128,2.07975824062512e-12;1.26615128920566,0.936017541486191,7.12971348626468e-15;1.42214301484492,1.50641754934440,7.58448859272676e-13;1.37706906050105,0.907702404023356,1.49880108324396e-15;1.45234371656570,1.57620872212967,1.02556851899749e-14;1.48027329707895,0.745571539982779,9.97008031689006e-13;1.77698117153213,1.51954018051004,1.08246744900953e-14;1.03353925392397,1.17524846922839,1.10325637514563e-12;1.36554049449636,1.19447921798477,1.06581410364015e-14;1.11300823392597,1.45182099195911,2.90845819650443e-12;1.54350046223543,0.790207212866773,9.75608482889356e-15;1.69867708211334,1.59928189267993,4.91186258333443e-12;1.30901504311992,0.881137326227437,2.08583150751451e-12;1.50574072893154,1.52190922662258,2.40779618465581e-14;1.32779618836487,0.940248798056108,2.25626461958228e-12;1.40281507787049,1.54989202393782,2.64538391192559e-12;1.47259784296039,0.777099619604105,2.06730466079108e-12;1.71262801261473,1.54787419417199,4.78916906132554e-12;1.17398575033920,1.04660358032859,9.52016243616072e-15;1.32143760899786,1.41573421061333,7.72576447261031e-13;1.32291936767504,1.03696187497555,8.38912272982384e-15;1.26131122664935,1.53560426915179,3.26849658449646e-12;1.55991684838055,0.710052238886485,1.99519567534168e-12;1.86846528803464,1.51630141667126,3.97910870919560e-14;0.915792494892832,1.24680642661957,1.24900090270330e-14;1.47253510391764,1.00902209542177,2.56533683185012e-12;1.24526325722988,1.65737387939666,3.74958397664216e-12;1.76701600050306,0.547043274200324,1.67599267797414e-12;2.25737213990835,1.33844674246810,2.17603712826531e-14;0.290414802754847,1.20303681501696,6.23924523157626e-13;1.67568011126939,0.835677870597162,5.08459940817829e-12;1.62115190593768,1.71890818221182,9.64509028200666e-12;1.64325203840571,0.476055987441826,2.60321625367155e-12;2.31106213826116,1.17377713500781,6.43998743221630e-14;0.0608982309690016,2.10869071010538,1.68129399291672e-14;0.563150132463547,1.01426693381151,2.07092676340892e-12;1.57811368956127,1.03962468230501,3.25850457727483e-14;1.14822140696462,1.73413843661246,7.19602155641042e-12;1.81091274259212,0.712137981564942,4.64181471038216e-12;1.95177020839373,1.63464352085265,1.15921439114430e-11;1.15976889296004,0.959922075666986,4.02450295311496e-12;1.41623425653636,1.43183512490108,7.35783656224953e-12;1.25553251862282,1.08622822176159,3.31124017094453e-14;1.24616550103946,1.45722809623614,6.33826324758502e-12;1.44956257231345,0.877788756714205,1.29063426612674e-15;1.50622795092936,1.61086281157500,8.78896955214259e-12;1.50341851779381,0.690578040862454,3.75281576647790e-12;1.88974983426803,1.46564741253730,1.00028735294799e-11;0.751976866522682,1.37704218895325,3.76260134160589e-12;1.66291334763642,0.746972925680368,4.48434345212689e-12;1.82209458033968,1.61290283749286,1.06352149309430e-11;1.22443618809834,0.937296722085686,4.15592560365496e-12;1.42932662335056,1.47762147457277,5.67423191766281e-12;1.31927059790194,0.987760626495338,4.73440731063590e-12;1.33028551481244,1.54428789232078,6.97172874986052e-12;1.52158597237206,0.736413851757201,7.18869408444789e-15;1.80505203158095,1.52993927106000,7.58837437331295e-14;1.02724862907289,1.16829303116063,1.67921232474555e-14;1.36841256529545,1.19754732976839,1.99319727389735e-14;1.11005094060972,1.45072950215511,5.72565606038467e-12;1.54412510099454,0.790432517153694,4.39241698568793e-12;1.69831827190009,1.59984890091376,9.84316794738760e-12;1.31067200008961,0.879071172893548,6.16173778666962e-15;1.50919952062918,1.52217052818269,2.68951527715444e-14;1.32498822885441,0.942601864125731,4.51280679492072e-12;1.39950068902721,1.54821275418086,5.59310930903223e-12;1.47231823389204,0.778878360880936,4.16645884460110e-12;1.70900508750749,1.54943786009230,9.59576862413769e-12;1.18151795321430,1.03914788007876,4.45757319944562e-12;1.32425169009125,1.42517178446718,5.59274848654923e-15;1.33402247180602,1.01836407382071,1.52655665885959e-14;1.28113462397513,1.54986717111537,6.81268930158296e-12;1.56865083811219,0.690798943972729,3.92433308071816e-12;1.90933881925742,1.49511756340935,7.77988784506078e-14;0.805865186015726,1.32154380133134,7.60421586809557e-12;1.59115893585456,0.833214438842610,9.62291357708978e-12;1.61252103857645,1.66675493136966,1.14487412605779e-13;1.53354175856716,0.604785996032774,6.71971853161146e-12;2.05651510890091,1.35773526094730,5.72597524950425e-14;0.158470626448609,1.54257241999855,1.83189227676017e-12;1.70434134104308,0.825239763647550,1.03111963412061e-14;1.65230456300452,1.72525120744547,1.93670635084686e-11;1.63377783143687,0.471943449165828,1.43644818262345e-12;2.31261715049383,1.16392233244208,1.20889409593872e-13;0.239318238148704,2.18034163404614,3.77305131582517e-12;0.571110346115429,1.00622184590611,1.31006316905768e-14;1.57674959175259,1.04841329084587,1.20117700508349e-11;1.13095720222997,1.73102099545717,1.42305993378056e-11;1.80797126535905,0.718456012986963,9.41485778227502e-12;1.93641366481160,1.64282958048983,1.33595079443438e-11;1.19673813434638,0.922707363986486,7.71605002114484e-15;1.45586392330917,1.45764794061434,2.87785073549429e-12;1.25837934642186,1.06102069566943,4.56024107364783e-14;1.26630567732965,1.47431351637808,8.14903700074865e-14;1.45885215788553,0.854824220263841,9.01440033729273e-12;1.55308291064356,1.60307556550745,1.54314339084749e-11;1.44834908140368,0.749012695324903,7.87820156333829e-12;1.76340741126087,1.50699901937444,1.68273173173361e-11;1.01867532935176,1.19775154384447,8.83612627511354e-12;1.38147097636984,1.15493847350123,1.15568665748356e-11;1.11405027049824,1.50672243162518,1.21609389225341e-11;1.61842619840471,0.687567091399966,3.53120310769839e-14;1.93225737135583,1.51278061936142,6.59750032383499e-14;0.826980050653776,1.29208329053263,7.12621628373711e-12;1.55642386928335,0.885663545632835,1.00084385223909e-11;1.49084953013645,1.68435700411309,1.77574066562158e-11;1.66558492689802,0.507347702896847,5.95535426528571e-12;2.27410039611569,1.23668212401321,2.03807942744660e-11;0.468631807223599,1.09012224401704,3.70568853380604e-12;1.60879284912658,0.946103742954371,1.23512311489549e-14;1.35052453175079,1.74936344014337,1.11605169550444e-13;1.83507884731540,0.581035139436867,7.72711061802767e-12;2.23009613028752,1.42255996404778,1.84756931975727e-11;0.203036871669995,1.35283131714047,1.08496545081493e-12;1.71229534188476,0.804511865832329,2.59167687310935e-14;1.70416700910537,1.70752506495178,1.71376524082945e-11;1.55148501806865,0.541505801685357,3.54266616042764e-12;2.16943229378160,1.26315218030724,4.94292107244831e-14;0.336483933706494,1.15807577422418,2.79558320936957e-12;1.65540517905398,0.865607377541999,1.16295861829485e-14;1.54565136023556,1.73298621986492,1.90591709081644e-11;1.73253078111365,0.452603696489690,5.58336710199114e-12;2.38878906501022,